training tables
9136,7104,4672,3033,11226,3923,1664,4864,6902,11969,5093,3888,11986,4868,4422,1585,2691,4650,2226,9236,3391,1944,7269,3849,10170,12013,5969,1803,9063,5750,2102,10550,12461,2966,5457,5529,11258,10054,1495,8438,3357,4882,12375,4617,4393,1951,5000,8522,8837,1728,4077,1913,7777,10798,2676,3322,2466,7105,6417,12276,5840,12315,4836,12168,11234,3766,2778,6028,5464,9321,12289,4588,3301,1517,2699,1635,1396,8940,11382,6737,9589,6010,1901,3297,1243,8244,9517,5593,10005,7133,3106,6707,11951,8269,440,10002,7201,1689,11282,9380

articles
4738,3773,2724,2013,5843,2428,1320,2791,3671,6157,2878,2418,6174,2793,2618,1300,1898,2716,1469,4790,2152,1398,3897,2389,5335,6193,3285,1358,4697,3184,1436,5506,6425,1988,3053,3091,5860,5265,1269,4418,2101,2801,6388,2703,2606,1400,2850,4459,4593,1340,2481,1389,4123,5641,1894,2088,1532,3773,3472,6338,3233,6360,2785,6296,5848,2335,1929,3304,3055,4840,6344,2689,2083,1277,1900,1313,1237,4636,5909,3608,4990,3299,1386,2082,1122,4330,4933,3119,5227,3784,2032,3598,6151,4347,190,5226,3873,1328,5871,4867

----------------------------------------------------------------------------
development tables
10548,3024,7508,4496,2965,2986,2131,1794,8123,1871,6288,2719,2923,4205,764,4227,1749,2111,6612,4726,7550,5063,7271,6362,12519,6633,2808,9012,3021,8836,1758,1764,2662,6312,6521,1910,6455,11692,1657,2740,5348,7391,5422,8221,9999,11255,9504,7122,9029,4844,3025,12283,2820,1285,2055,7148,1297,8163,3697,1748,6027,4385,9822,6700,7115,12462,6857,10007,6497,6974,2807,9033,11940,4045,10545,1775,5712,1902,11054,2532,12227,11450,1494,2553,2088,6469,3694,3020,9886,7849,10222,4209,6986,8139,8860,6311,5322,3221,5098,4994

articles
5505,2012,4000,2650,1988,2001,1443,1355,4275,1377,3417,1906,1976,2528,352,2536,1345,1437,3559,2748,4021,2866,3898,3448,6443,3566,1939,4680,2011,4593,1347,1348,1888,3424,3512,1388,3490,6042,1318,1911,2995,3950,3036,4321,5225,5859,4928,3781,4688,2787,2012,6342,1941,1134,1424,3787,1176,4295,2308,1345,3304,2602,5127,3596,3777,6425,3654,5228,3503,3713,1939,4689,6148,2472,5504,1351,3162,1386,5767,1762,6312,5937,1269,1769,1433,3496,2307,2011,5153,4156,5354,2529,3716,4282,4604,3424,2979,2062,2880,2848
-----------------------------------------------------------------------------
testing tables
8706,7805,11862,1613,2269,10260,9994,11195,1676,2156,7723,4883,8782,4610,4901,4532,1686,5249,2825,9671,2123,11241,10148,36,6365,12553,11999,1327,394,2223,4028,10310,3698,5744,7319,10208,2013,6186,6907,2182,6648,3558,3180,9897,5315,7431,4830,6295,11919,4664,3986,7961,5284,6135,1867,464,10196,2128,7377,11539,6561,2078,3371,765,1947,3283,6567,2908,4951,1854,2104,7916,2371,2707,2387,2261,9821,2332,11595,12248,9607,7163,3282,5433,3222,9951,11392,9720,1390,2669,4973,11093,9420,1045,1708,3644,11449,3072,3979,7111

articles
4540,4133,6115,1306,1482,5367,5224,5833,1324,1449,4099,2801,4569,2701,2811,2667,1326,2947,1943,5040,1441,5850,5327,16,3451,6456,6188,1190,175,1468,2468,5390,2309,3183,3915,5351,1414,3369,3674,1456,3579,2248,2051,5156,2977,3965,2783,3418,6137,2723,2451,4204,2967,3341,1376,206,5344,1443,3945,5969,3541,1430,2107,352,1399,2079,3543,1972,2833,1372,1436,4185,1508,1903,1512,1479,5127,1498,5996,6321,4997,3791,2079,3041,2062,5186,5915,5060,1236,1892,2841,5785,4891,497,1334,2279,5937,2023,2449,3776
